111 russii 0111001000.

mirantis 1, 0.

vals 1111101101 1, 110.

sentim 8101111011 1,77, 100, vulsi-lus 0100001 151014, ·

100,100.
sonorius 1510, 00, 9οὶ
servilis 1, 88.
servilii 1, 10,18.
0. 8011111111 1, 00. “

701010011010111. 1, 0.
Varro 1, 00. 01101 1,71.
Varus Quintillus 1, 71. ejus 111.

notissimus, 1, ιη’-11111101·
1, ut.

001101110005110 1,1. Glaucia Vatinius 1, 00. ’

1,11. ·

sextius 0111111101 1,10.
sigimerru 1,118.
Silani 1, 11, 77.
1101100111οηοε 1,110.
1>. 811101 1, 00, 101. 0111110100.
Sisenna 1, 0.
,80010101 1,10.
sophocles 1,10.
801101 1, 80.
Spartacus 1, 00.

statillus 11011111 1],80, 117.
statius Murcus 1, 01, 71, 77.
strato 1, 70.
L. 811110 1,11-18,00.
Ρ. sulpicius 1, 0, 18,10,00.
[1101011. Ι81111 1, 0.]
10111100 1,1.
0010111111 1,10.
’1011101111 1, 1.
Tessuinus 1,11.
’100001 1,1.

’1100110101 0, 00.
miscuisses 1518.
1101101110 1,1.
1100011101 1,10. ᾗ
literius r. 11001. caesar.
1101111111 , 1, 10.

lignus: 1, 00, 07.
Tisamenus 1, 1.

111101 1, 70, 80.

0. 11010101 1,10, uu, 11.

’1111001111 01 Lydus i‚·i.

0. vullsjus, avus historici, 1, 70.
10 ipsust 0010111 ejus muju-

11οι11 01 00111111 v. 01001010

t Dudwslli. 5110111110111011.

Vellsjus 0010010011 Ι, 1, 1,
4-7, 8011, 0,10,110115
11150110114011510,1710011015
18 0115 11, 1 0115 0, 4, 0 0115
0, 7 00111015 0101510005
11101, ’1110111015 110115 105
145 10 15001015 105 171015
180115 105 10 lervel 15011015
111115 1151101015 10 0115 145
ut 1015 10 15001015 075 105

00 0115 01 (5011001015 00 0104 .

sexies 5 00 0115 07 01 08 1015
suet 40 (5011015 41 0115 41
0010501015 40 01 440115 405
47, 48 et 40 0115 00 (51111015

2 015 01 1011015 005 041015

111115 115115 005 101115

· 001015 015015 041015 005

00 1011015 07, 00, itumque 00
0115 701015 710115 715 705
745 700115 70577 0115 700111-
1015 000115 815 015 80584
0180 1015 805 87 01 88 15011015
80 0115001015 015 010115
0410111015 00 1015 085 00 1015
1111011010115 1005100 1015
1040010501015 100 01100 0115
1075 100 0115 110 01 111 10-
11015 1110011015 1105 11410-

 

